762
907
264
447
929
330
72
325
382
522
945
144
728
563
373
307
398
863
441
578
397
518
706
830
722
132
637
809
219
140
523
980
773
864
955
114
799
393
656
852
595
684
510
568
885
688
812
746
332
513
239
886
900
61
683
761
674
236
663
849
67
36
888
50
782
501
386
265
911
801
337
748
798
152
833
95
28
315
817
810
182
417
188
965
261
943
338
445
577
212
427
333
720
334
918
840
669
216
394
808
30
317
818
545
284
667
4
146
456
490
151
716
298
686
623
979
846
789
133
644
807
7
993
248
135
1
25
235
517
620
569
584
740
270
361
586
970
972
856
621
454
675
209
845
707
575
489
742
488
162
340
487
537
141
751
737
734
127
920
100
480
721
866
628
860
106
178
868
73
967
150
670
567
344
439
247
23
731
548
951
580
529
739
293
302
702
671
48
353
436
791
796
242
589
472
327
193
405
115
41
861
551
666
43
717
764
352
757
71
101
241
416
438
876
714
502
872
244
579
571
443
424
651
283
844
171
952
260
117
175
54
869
199
300
802
562
604
956
37
22
902
703
880
102
205
249
618
366
552
368
109
359
426
297
166
547
981
226
252
305
935
862
257
462
251
504
875
679
369
435
45
228
969
356
433
641
765
690
538
81
989
473
815
730
198
324
924
460
574
160
906
677
664
449
847
743
500
917
676
948
278
794
536
243
626
378
10
458
82
108
262
928
971
116
873
390
118
895
767
452
709
662
540
440
285
870
32
92
919
496
326
167
303
292
649
596
923
905
246
53
777
715
130
821
202
913
173
291
865
275
408
700
713
450
271
364
634
763
996
267
312
543
168
672
396
119
814
515
811
735
231
588
190
272
314
320
402
826
823
348
874
949
698
112
822
619
31
691
660
389
884
998
534
20
80
932
599
179
493
957
813
519
318
710
974
639
9
155
87
339
843
991
887
129
590
263
154
788
387
916
610
412
695
600
70
879
535
420
123
274
147
347
508
624
958
997
775
466
471
12
210
770
187
404
766
556
708
413
384
841
403
400
946
687
680
232
557
97
253
914
524
657
514
375
995
520
729
893
617
598
544
124
35
785
415
805
867
549
613
245
159
851
693
103
287
161
237
86
583
984
266
96
828
158
105
227
169
542
349
848
